x = [1., 2., 3., 4., 5., 6.]
y = [4.17156757e-01, 1.21349189e-01, 2.46745946e-02, 3.90918919e-03,
       4.82162162e-04, 3.02702703e-05]
